# delta neff CL
0.243 -2.37867 0
0.243 -2.376 0
0.243 -2.37333 0
0.243 -2.37067 1.14771e-12
0.243 -2.368 5.38133e-11
0.243 -2.36533 3.81529e-09
0.243 -2.36267 1.51421e-07
0.243 -2.36 3.38113e-06
0.243 -2.35733 3.88482e-05
0.243 -2.35467 2.74924e-05
0.243 -2.352 8.88821e-05
0.243 -2.34933 0.000131389
0.243 -2.34667 0
0.243 -2.344 0
0.243 -2.34133 0
0.243 -2.33867 0
0.243 -2.336 0
0.243 -2.33333 0
0.243 -2.33067 0
0.243 -2.328 0
0.243 -2.32533 0
0.243 -2.32267 0
0.243 -2.32 0
0.243 -2.31733 0
0.243 -2.31467 0
0.243 -2.312 0
0.243 -2.30933 0
0.243 -2.30667 0
0.243 -2.304 0
0.243 -2.30133 0
0.249 -2.37867 0
0.249 -2.376 0
0.249 -2.37333 0
0.249 -2.37067 2.5423e-12
0.249 -2.368 2.9202e-10
0.249 -2.36533 9.40664e-09
0.249 -2.36267 3.62733e-07
0.249 -2.36 7.96662e-06
0.249 -2.35733 9.238e-05
0.249 -2.35467 0.00049798
0.249 -2.352 0.000919298
0.249 -2.34933 0.00166438
0.249 -2.34667 0.00268816
0.249 -2.344 0.00370175
0.249 -2.34133 7.50129e-05
0.249 -2.33867 8.35542e-06
0.249 -2.336 2.21391e-06
0.249 -2.33333 0
0.249 -2.33067 0
0.249 -2.328 0
0.249 -2.32533 0
0.249 -2.32267 0
0.249 -2.32 0
0.249 -2.31733 0
0.249 -2.31467 0
0.249 -2.312 0
0.249 -2.30933 0
0.249 -2.30667 0
0.249 -2.304 0
0.249 -2.30133 0
0.255 -2.37867 0
0.255 -2.376 0
0.255 -2.37333 0
0.255 -2.37067 4.64467e-12
0.255 -2.368 5.08681e-10
0.255 -2.36533 3.22064e-08
0.255 -2.36267 7.14131e-07
0.255 -2.36 1.55516e-05
0.255 -2.35733 0.000182566
0.255 -2.35467 0.00101685
0.255 -2.352 0.00610804
0.255 -2.34933 0.00536397
0.255 -2.34667 0.00769827
0.255 -2.344 0.0103454
0.255 -2.34133 0.00656042
0.255 -2.33867 0.00151529
0.255 -2.336 0.000659849
0.255 -2.33333 0.000222752
0.255 -2.33067 9.73191e-06
0.255 -2.328 1.5023e-07
0.255 -2.32533 4.44694e-09
0.255 -2.32267 7.71758e-10
0.255 -2.32 0
0.255 -2.31733 0
0.255 -2.31467 0
0.255 -2.312 0
0.255 -2.30933 0
0.255 -2.30667 0
0.255 -2.304 0
0.255 -2.30133 0
0.261 -2.37867 0
0.261 -2.376 0
0.261 -2.37333 6.95751e-12
0.261 -2.37067 1.54598e-13
0.261 -2.368 7.30019e-10
0.261 -2.36533 4.46706e-08
0.261 -2.36267 1.60851e-06
0.261 -2.36 2.52181e-05
0.261 -2.35733 0.000300218
0.261 -2.35467 0.00265158
0.261 -2.352 0.0134811
0.261 -2.34933 0.0334225
0.261 -2.34667 0.0157995
0.261 -2.344 0.0246818
0.261 -2.34133 0.0231661
0.261 -2.33867 0.0113581
0.261 -2.336 0.00333461
0.261 -2.33333 0.00142619
0.261 -2.33067 0.000472984
0.261 -2.328 4.10549e-05
0.261 -2.32533 1.8013e-06
0.261 -2.32267 2.11632e-08
0.261 -2.32 2.12824e-07
0.261 -2.31733 1.91972e-08
0.261 -2.31467 9.12745e-11
0.261 -2.312 0
0.261 -2.30933 0
0.261 -2.30667 0
0.261 -2.304 0
0.261 -2.30133 0
0.267 -2.37867 0
0.267 -2.376 0
0.267 -2.37333 1.15813e-13
0.267 -2.37067 8.52643e-12
0.267 -2.368 8.59818e-10
0.267 -2.36533 4.96757e-08
0.267 -2.36267 1.81006e-06
0.267 -2.36 3.78814e-05
0.267 -2.35733 0.000459878
0.267 -2.35467 0.0048908
0.267 -2.352 0.0256842
0.267 -2.34933 0.0669248
0.267 -2.34667 0.0302533
0.267 -2.344 0.0503642
0.267 -2.34133 0.0562629
0.267 -2.33867 0.0438456
0.267 -2.336 0.00947977
0.267 -2.33333 0.00405583
0.267 -2.33067 0.00135014
0.267 -2.328 0.000245123
0.267 -2.32533 0.000121354
0.267 -2.32267 2.40326e-05
0.267 -2.32 3.66493e-06
0.267 -2.31733 4.2924e-07
0.267 -2.31467 6.49294e-09
0.267 -2.312 6.86843e-11
0.267 -2.30933 2.70871e-12
0.267 -2.30667 0
0.267 -2.304 0
0.267 -2.30133 0
0.273 -2.37867 0
0.273 -2.376 0
0.273 -2.37333 6.84741e-12
0.273 -2.37067 8.46399e-12
0.273 -2.368 8.29374e-10
0.273 -2.36533 4.82437e-08
0.273 -2.36267 1.67533e-06
0.273 -2.36 3.9219e-05
0.273 -2.35733 0.000464546
0.273 -2.35467 0.00776977
0.273 -2.352 0.0422439
0.273 -2.34933 0.115809
0.273 -2.34667 0.161709
0.273 -2.344 0.104133
0.273 -2.34133 0.120157
0.273 -2.33867 0.0995684
0.273 -2.336 0.03036
0.273 -2.33333 0.0102543
0.273 -2.33067 0.00342381
0.273 -2.328 0.000890881
0.273 -2.32533 0.000235276
0.273 -2.32267 6.99171e-05
0.273 -2.32 1.20295e-05
0.273 -2.31733 1.29299e-06
0.273 -2.31467 2.10433e-07
0.273 -2.312 4.53904e-09
0.273 -2.30933 4.26284e-11
0.273 -2.30667 1.37851e-10
0.273 -2.304 0
0.273 -2.30133 1.64618e-13
0.279 -2.37867 0
0.279 -2.376 0
0.279 -2.37333 0
0.279 -2.37067 5.38852e-12
0.279 -2.368 6.48538e-10
0.279 -2.36533 4.48452e-08
0.279 -2.36267 1.26619e-06
0.279 -2.36 2.62433e-05
0.279 -2.35733 0.000977756
0.279 -2.35467 0.010606
0.279 -2.352 0.0598535
0.279 -2.34933 0.172791
0.279 -2.34667 0.258526
0.279 -2.344 0.201803
0.279 -2.34133 0.225961
0.279 -2.33867 0.20219
0.279 -2.336 0.0605918
0.279 -2.33333 0.0231697
0.279 -2.33067 0.00775289
0.279 -2.328 0.0015929
0.279 -2.32533 0.00202852
0.279 -2.32267 0.000185789
0.279 -2.32 2.83127e-05
0.279 -2.31733 4.9707e-06
0.279 -2.31467 5.86789e-07
0.279 -2.312 5.96215e-08
0.279 -2.30933 1.42328e-09
0.279 -2.30667 6.76347e-11
0.279 -2.304 2.71101e-12
0.279 -2.30133 9.58382e-15
0.285 -2.37867 0
0.285 -2.376 0
0.285 -2.37333 0
0.285 -2.37067 2.25956e-12
0.285 -2.368 3.95666e-10
0.285 -2.36533 1.71083e-08
0.285 -2.36267 2.19254e-06
0.285 -2.36 1.99666e-05
0.285 -2.35733 0.00113327
0.285 -2.35467 0.0123807
0.285 -2.352 0.0727359
0.285 -2.34933 0.221621
0.285 -2.34667 0.355111
0.285 -2.344 0.359876
0.285 -2.34133 0.373968
0.285 -2.33867 0.361536
0.285 -2.336 0.200548
0.285 -2.33333 0.0469377
0.285 -2.33067 0.0157286
0.285 -2.328 0.00413445
0.285 -2.32533 0.00135318
0.285 -2.32267 0.000850999
0.285 -2.32 6.58784e-05
0.285 -2.31733 1.23211e-05
0.285 -2.31467 1.47618e-06
0.285 -2.312 1.53587e-07
0.285 -2.30933 4.97844e-09
0.285 -2.30667 5.2884e-09
0.285 -2.304 3.61666e-10
0.285 -2.30133 3.60229e-12
0.291 -2.37867 0
0.291 -2.376 0
0.291 -2.37333 3.18868e-13
0.291 -2.37067 1.79143e-16
0.291 -2.368 9.22425e-11
0.291 -2.36533 4.10757e-08
0.291 -2.36267 1.87238e-06
0.291 -2.36 5.30381e-05
0.291 -2.35733 0.000933752
0.291 -2.35467 0.0122726
0.291 -2.352 0.0210842
0.291 -2.34933 0.117565
0.291 -2.34667 0.416637
0.291 -2.344 0.547696
0.291 -2.34133 0.543201
0.291 -2.33867 0.566774
0.291 -2.336 0.328033
0.291 -2.33333 0.0853683
0.291 -2.33067 0.0286299
0.291 -2.328 0.00717613
0.291 -2.32533 0.00755436
0.291 -2.32267 0.00156573
0.291 -2.32 0.000136881
0.291 -2.31733 2.77854e-05
0.291 -2.31467 3.37336e-06
0.291 -2.312 3.61375e-07
0.291 -2.30933 3.86623e-08
0.291 -2.30667 1.37791e-09
0.291 -2.304 9.70461e-10
0.291 -2.30133 5.24427e-11
0.297 -2.37867 0
0.297 -2.376 0
0.297 -2.37333 2.65238e-13
0.297 -2.37067 2.94809e-13
0.297 -2.368 3.92527e-11
0.297 -2.36533 2.9763e-08
0.297 -2.36267 1.32885e-06
0.297 -2.36 6.66894e-06
0.297 -2.35733 0.000651685
0.297 -2.35467 0.0102501
0.297 -2.352 0.0658389
0.297 -2.34933 0.224721
0.297 -2.34667 0.436346
0.297 -2.344 0.735256
0.297 -2.34133 0.689141
0.297 -2.33867 0.775535
0.297 -2.336 0.480247
0.297 -2.33333 0.177227
0.297 -2.33067 0.0416281
0.297 -2.328 0.0467342
0.297 -2.32533 0.0123697
0.297 -2.32267 0.00341817
0.297 -2.32 0.000254401
0.297 -2.31733 5.73006e-05
0.297 -2.31467 7.03931e-06
0.297 -2.312 7.83143e-07
0.297 -2.30933 8.93728e-08
0.297 -2.30667 3.31922e-08
0.297 -2.304 2.37006e-09
0.297 -2.30133 2.71852e-11
0.303 -2.37867 0
0.303 -2.376 0
0.303 -2.37333 3.8985e-14
0.303 -2.37067 0
0.303 -2.368 5.60563e-12
0.303 -2.36533 1.76161e-08
0.303 -2.36267 7.73531e-07
0.303 -2.36 6.06607e-06
0.303 -2.35733 0.000145309
0.303 -2.35467 0.00251345
0.303 -2.352 0.0246155
0.303 -2.34933 0.174321
0.303 -2.34667 0.481403
0.303 -2.344 0.865135
0.303 -2.34133 0.866996
0.303 -2.33867 0.920052
0.303 -2.336 0.622422
0.303 -2.33333 0.28172
0.303 -2.33067 0.0768212
0.303 -2.328 0.0417012
0.303 -2.32533 0.0105923
0.303 -2.32267 0.00379565
0.303 -2.32 0.000809576
0.303 -2.31733 0.000108425
0.303 -2.31467 1.34592e-05
0.303 -2.312 1.57367e-06
0.303 -2.30933 2.01093e-07
0.303 -2.30667 7.30151e-08
0.303 -2.304 5.31252e-09
0.303 -2.30133 3.01018e-10
0.309 -2.37867 0
0.309 -2.376 0
0.309 -2.37333 1.08019e-14
0.309 -2.37067 2.07553e-19
0.309 -2.368 9.68479e-13
0.309 -2.36533 3.1543e-09
0.309 -2.36267 3.63822e-07
0.309 -2.36 1.00449e-05
0.309 -2.35733 0.000176348
0.309 -2.35467 0.00168456
0.309 -2.352 0.0288875
0.309 -2.34933 0.0177021
0.309 -2.34667 0.46096
0.309 -2.344 0.88449
0.309 -2.34133 0.71653
0.309 -2.33867 0.958046
0.309 -2.336 0.693576
0.309 -2.33333 0.398808
0.309 -2.33067 0.114538
0.309 -2.328 0.0367032
0.309 -2.32533 0.0236011
0.309 -2.32267 0.00569937
0.309 -2.32 0.00139956
0.309 -2.31733 0.000188512
0.309 -2.31467 2.42656e-05
0.309 -2.312 3.0024e-06
0.309 -2.30933 4.1837e-07
0.309 -2.30667 2.26151e-08
0.309 -2.304 1.10041e-08
0.309 -2.30133 6.36523e-10
0.315 -2.37867 0
0.315 -2.376 0
0.315 -2.37333 0
0.315 -2.37067 1.13335e-15
0.315 -2.368 1.343e-13
0.315 -2.36533 9.23639e-10
0.315 -2.36267 3.94473e-08
0.315 -2.36 3.06657e-06
0.315 -2.35733 7.15617e-05
0.315 -2.35467 0.0010821
0.315 -2.352 0.0164586
0.315 -2.34933 0.0140744
0.315 -2.34667 0.378615
0.315 -2.344 0.777038
0.315 -2.34133 0.909952
0.315 -2.33867 0.842725
0.315 -2.336 0.656273
0.315 -2.33333 0.499534
0.315 -2.33067 0.167368
0.315 -2.328 0.0534462
0.315 -2.32533 0.0301571
0.315 -2.32267 0.00926965
0.315 -2.32 0.0027452
0.315 -2.31733 0.000301015
0.315 -2.31467 4.21637e-05
0.315 -2.312 5.62438e-06
0.315 -2.30933 8.11972e-07
0.315 -2.30667 4.74732e-08
0.315 -2.304 5.66052e-09
0.315 -2.30133 1.24772e-09
0.321 -2.37867 0
0.321 -2.376 0
0.321 -2.37333 6.30276e-21
0.321 -2.37067 1.27732e-16
0.321 -2.368 1.53187e-14
0.321 -2.36533 2.05341e-10
0.321 -2.36267 3.96391e-08
0.321 -2.36 1.65262e-06
0.321 -2.35733 3.83023e-05
0.321 -2.35467 0.000579381
0.321 -2.352 0.0106092
0.321 -2.34933 0.0676279
0.321 -2.34667 0.26299
0.321 -2.344 0.143836
0.321 -2.34133 0.578692
0.321 -2.33867 0.799846
0.321 -2.336 0.785121
0.321 -2.33333 0.54876
0.321 -2.33067 0.222683
0.321 -2.328 0.103524
0.321 -2.32533 0.0180474
0.321 -2.32267 0.0141383
0.321 -2.32 0.00345339
0.321 -2.31733 0.000442774
0.321 -2.31467 6.86424e-05
0.321 -2.312 1.02222e-05
0.321 -2.30933 1.4804e-06
0.321 -2.30667 9.28435e-08
0.321 -2.304 8.39567e-09
0.321 -2.30133 5.99515e-10
0.327 -2.37867 0
0.327 -2.376 0
0.327 -2.37333 0
0.327 -2.37067 7.83524e-18
0.327 -2.368 1.21619e-15
0.327 -2.36533 3.39189e-11
0.327 -2.36267 3.50439e-09
0.327 -2.36 7.22643e-07
0.327 -2.35733 1.67101e-05
0.327 -2.35467 0.000253905
0.327 -2.352 0.00571992
0.327 -2.34933 0.0369406
0.327 -2.34667 0.00887537
0.327 -2.344 0.359538
0.327 -2.34133 0.356643
0.327 -2.33867 0.65129
0.327 -2.336 0.692582
0.327 -2.33333 0.522761
0.327 -2.33067 0.278182
0.327 -2.328 0.170694
0.327 -2.32533 0.0650607
0.327 -2.32267 0.0201582
0.327 -2.32 0.00490917
0.327 -2.31733 0.00067328
0.327 -2.31467 0.000104623
0.327 -2.312 1.51577e-05
0.327 -2.30933 2.54953e-06
0.327 -2.30667 1.70343e-07
0.327 -2.304 6.34889e-08
0.327 -2.30133 1.12554e-09
0.333 -2.37867 0
0.333 -2.376 0
0.333 -2.37333 4.92854e-24
0.333 -2.37067 1.03107e-20
0.333 -2.368 6.72678e-17
0.333 -2.36533 4.07317e-12
0.333 -2.36267 1.79616e-10
0.333 -2.36 2.51104e-07
0.333 -2.35733 5.82181e-06
0.333 -2.35467 8.9274e-05
0.333 -2.352 0.00253402
0.333 -2.34933 0.00605422
0.333 -2.34667 0.0715882
0.333 -2.344 0.0335109
0.333 -2.34133 0.273088
0.333 -2.33867 0.448077
0.333 -2.336 0.516784
0.333 -2.33333 0.425968
0.333 -2.33067 0.280808
0.333 -2.328 0.153716
0.333 -2.32533 0.0820132
0.333 -2.32267 0.0267272
0.333 -2.32 0.00648995
0.333 -2.31733 0.000956481
0.333 -2.31467 0.000157639
0.333 -2.312 2.86473e-05
0.333 -2.30933 4.16685e-06
0.333 -2.30667 2.95027e-07
0.333 -2.304 2.71796e-08
0.333 -2.30133 1.99056e-09
0.339 -2.37867 0
0.339 -2.376 0
0.339 -2.37333 1.72655e-25
0.339 -2.37067 2.10881e-22
0.339 -2.368 2.52182e-18
0.339 -2.36533 3.49421e-13
0.339 -2.36267 1.56617e-11
0.339 -2.36 6.77935e-08
0.339 -2.35733 1.58425e-06
0.339 -2.35467 2.46348e-05
0.339 -2.352 0.000286635
0.339 -2.34933 0.00605906
0.339 -2.34667 0.00254978
0.339 -2.344 0.0269311
0.339 -2.34133 0.121498
0.339 -2.33867 0.255861
0.339 -2.336 0.345938
0.339 -2.33333 0.292113
0.339 -2.33067 0.250772
0.339 -2.328 0.17094
0.339 -2.32533 0.0918292
0.339 -2.32267 0.0326515
0.339 -2.32 0.00792162
0.339 -2.31733 0.0012634
0.339 -2.31467 0.000225351
0.339 -2.312 4.44698e-05
0.339 -2.30933 6.47799e-06
0.339 -2.30667 2.69648e-07
0.339 -2.304 4.49912e-08
0.339 -2.30133 3.33064e-09
0.345 -2.37867 0
0.345 -2.376 0
0.345 -2.37333 0
0.345 -2.37067 0
0.345 -2.368 6.27267e-20
0.345 -2.36533 2.07454e-14
0.345 -2.36267 1.78317e-14
0.345 -2.36 1.38802e-08
0.345 -2.35733 3.28772e-07
0.345 -2.35467 5.2112e-06
0.345 -2.352 9.03427e-05
0.345 -2.34933 0.000781848
0.345 -2.34667 0.00174675
0.345 -2.344 0.0238738
0.345 -2.34133 0.0516888
0.345 -2.33867 0.118826
0.345 -2.336 0.237657
0.345 -2.33333 0.216864
0.345 -2.33067 0.188467
0.345 -2.328 0.142648
0.345 -2.32533 0.0903246
0.345 -2.32267 0.0353285
0.345 -2.32 0.00884556
0.345 -2.31733 0.00154073
0.345 -2.31467 0.000309764
0.345 -2.312 6.57041e-05
0.345 -2.30933 9.58271e-06
0.345 -2.30667 7.56472e-07
0.345 -2.304 7.07191e-08
0.345 -2.30133 5.28549e-09
0.351 -2.37867 0
0.351 -2.376 0
0.351 -2.37333 0
0.351 -2.37067 0
0.351 -2.368 0
0.351 -2.36533 8.29756e-16
0.351 -2.36267 2.27837e-16
0.351 -2.36 2.09995e-09
0.351 -2.35733 5.07451e-08
0.351 -2.35467 1.67701e-06
0.351 -2.352 2.2145e-05
0.351 -2.34933 5.18555e-05
0.351 -2.34667 0.000478526
0.351 -2.344 0.00298144
0.351 -2.34133 0.0175587
0.351 -2.33867 0.0455218
0.351 -2.336 0.136207
0.351 -2.33333 0.135373
0.351 -2.33067 0.137228
0.351 -2.328 0.111677
0.351 -2.32533 0.0769931
0.351 -2.32267 0.0330748
0.351 -2.32 0.00432108
0.351 -2.31733 0.00171919
0.351 -2.31467 0.000399958
0.351 -2.312 9.22508e-05
0.351 -2.30933 5.66474e-06
0.351 -2.30667 1.12301e-06
0.351 -2.304 1.05617e-07
0.351 -2.30133 1.52696e-08
0.357 -2.37867 0
0.357 -2.376 0
0.357 -2.37333 0
0.357 -2.37067 0
0.357 -2.368 0
0.357 -2.36533 0
0.357 -2.36267 3.89519e-14
0.357 -2.36 2.29e-10
0.357 -2.35733 5.67639e-09
0.357 -2.35467 9.50655e-08
0.357 -2.352 8.98369e-06
0.357 -2.34933 6.56285e-05
0.357 -2.34667 0.000321922
0.357 -2.344 0.000957438
0.357 -2.34133 0.00468682
0.357 -2.33867 0.0358192
0.357 -2.336 0.0637437
0.357 -2.33333 0.0757759
0.357 -2.33067 0.058905
0.357 -2.328 0.0930494
0.357 -2.32533 0.0559613
0.357 -2.32267 0.0263882
0.357 -2.32 0.00926752
0.357 -2.31733 0.00255565
0.357 -2.31467 0.00048155
0.357 -2.312 0.00012261
0.357 -2.30933 1.34666e-05
0.357 -2.30667 1.58306e-06
0.357 -2.304 1.49667e-07
0.357 -2.30133 1.74217e-08
0.363 -2.37867 0
0.363 -2.376 0
0.363 -2.37333 0
0.363 -2.37067 0
0.363 -2.368 0
0.363 -2.36533 0
0.363 -2.36267 0
0.363 -2.36 1.74122e-11
0.363 -2.35733 4.47968e-10
0.363 -2.35467 7.75289e-09
0.363 -2.352 1.07241e-06
0.363 -2.34933 8.14057e-06
0.363 -2.34667 3.66719e-05
0.363 -2.344 0.000240991
0.363 -2.34133 0.00144745
0.363 -2.33867 0.0122588
0.363 -2.336 0.0129333
0.363 -2.33333 0.0282903
0.363 -2.33067 0.0315048
0.363 -2.328 0.0522516
0.363 -2.32533 0.0340361
0.363 -2.32267 0.0176203
0.363 -2.32 0.00892486
0.363 -2.31733 0.00271341
0.363 -2.31467 0.00076026
0.363 -2.312 8.09847e-05
0.363 -2.30933 8.85658e-06
0.363 -2.30667 2.11174e-06
0.363 -2.304 2.00591e-07
0.363 -2.30133 3.70586e-09
0.369 -2.37867 0
0.369 -2.376 0
0.369 -2.37333 0
0.369 -2.37067 0
0.369 -2.368 0
0.369 -2.36533 0
0.369 -2.36267 0
0.369 -2.36 0
0.369 -2.35733 0
0.369 -2.35467 0
0.369 -2.352 9.13927e-08
0.369 -2.34933 6.85101e-07
0.369 -2.34667 6.80876e-06
0.369 -2.344 4.62777e-05
0.369 -2.34133 0.000215317
0.369 -2.33867 0.0019123
0.369 -2.336 0.0068902
0.369 -2.33333 0.0107908
0.369 -2.33067 0.0165051
0.369 -2.328 0.0237652
0.369 -2.32533 0.016955
0.369 -2.32267 0.00632465
0.369 -2.32 0.00748417
0.369 -2.31733 0.00227097
0.369 -2.31467 0.000782161
0.369 -2.312 3.08708e-05
0.369 -2.30933 9.878e-06
0.369 -2.30667 2.65146e-06
0.369 -2.304 2.52943e-07
0.369 -2.30133 1.65059e-08
0.375 -2.37867 0
0.375 -2.376 0
0.375 -2.37333 0
0.375 -2.37067 0
0.375 -2.368 0
0.375 -2.36533 0
0.375 -2.36267 0
0.375 -2.36 0
0.375 -2.35733 0
0.375 -2.35467 0
0.375 -2.352 0
0.375 -2.34933 9.06554e-08
0.375 -2.34667 9.32124e-07
0.375 -2.344 6.13562e-06
0.375 -2.34133 0.00015142
0.375 -2.33867 0.000687327
0.375 -2.336 0.00190666
0.375 -2.33333 0.00390792
0.375 -2.33067 0.0135136
0.375 -2.328 0.0106632
0.375 -2.32533 0.00872673
0.375 -2.32267 0.00964824
0.375 -2.32 0.00435905
0.375 -2.31733 0.00197804
0.375 -2.31467 0.000474428
0.375 -2.312 0.000174847
0.375 -2.30933 2.62485e-05
0.375 -2.30667 3.11058e-06
0.375 -2.304 2.97947e-07
0.375 -2.30133 1.94523e-08
0.381 -2.37867 0
0.381 -2.376 0
0.381 -2.37333 0
0.381 -2.37067 0
0.381 -2.368 0
0.381 -2.36533 0
0.381 -2.36267 0
0.381 -2.36 0
0.381 -2.35733 0
0.381 -2.35467 0
0.381 -2.352 0
0.381 -2.34933 0
0.381 -2.34667 1.23979e-07
0.381 -2.344 2.383e-06
0.381 -2.34133 3.88404e-05
0.381 -2.33867 0.000171188
0.381 -2.336 0.000525611
0.381 -2.33333 0.00169971
0.381 -2.33067 0.00535433
0.381 -2.328 0.00463648
0.381 -2.32533 0.00294632
0.381 -2.32267 0.00521978
0.381 -2.32 0.00324984
0.381 -2.31733 0.00134273
0.381 -2.31467 0.000366431
0.381 -2.312 0.000174777
0.381 -2.30933 9.24988e-06
0.381 -2.30667 3.37741e-06
0.381 -2.304 8.72882e-08
0.381 -2.30133 2.30396e-08
0.387 -2.37867 0
0.387 -2.376 0
0.387 -2.37333 0
0.387 -2.37067 0
0.387 -2.368 0
0.387 -2.36533 0
0.387 -2.36267 0
0.387 -2.36 0
0.387 -2.35733 0
0.387 -2.35467 0
0.387 -2.352 0
0.387 -2.34933 0
0.387 -2.34667 0
0.387 -2.344 2.2162e-07
0.387 -2.34133 7.65233e-06
0.387 -2.33867 3.50512e-05
0.387 -2.336 0.000112287
0.387 -2.33333 0.00112441
0.387 -2.33067 0.00166355
0.387 -2.328 0.00221933
0.387 -2.32533 0.0028541
0.387 -2.32267 0.00236814
0.387 -2.32 0.00164305
0.387 -2.31733 0.000821236
0.387 -2.31467 0.000555412
0.387 -2.312 7.25271e-05
0.387 -2.30933 2.73252e-05
0.387 -2.30667 3.35536e-06
0.387 -2.304 3.24835e-07
0.387 -2.30133 2.5251e-08
0.393 -2.37867 0
0.393 -2.376 0
0.393 -2.37333 0
0.393 -2.37067 0
0.393 -2.368 0
0.393 -2.36533 0
0.393 -2.36267 0
0.393 -2.36 0
0.393 -2.35733 0
0.393 -2.35467 0
0.393 -2.352 0
0.393 -2.34933 0
0.393 -2.34667 0
0.393 -2.344 0
0.393 -2.34133 4.57701e-07
0.393 -2.33867 2.8864e-06
0.393 -2.336 4.17776e-05
0.393 -2.33333 0.00025158
0.393 -2.33067 0.000394023
0.393 -2.328 0.000516312
0.393 -2.32533 0.000926867
0.393 -2.32267 0.0010636
0.393 -2.32 0.00064633
0.393 -2.31733 0.000433551
0.393 -2.31467 0.000210874
0.393 -2.312 0.000111666
0.393 -2.30933 2.23575e-05
0.393 -2.30667 8.8795e-07
0.393 -2.304 3.24104e-07
0.393 -2.30133 2.53269e-08
0.399 -2.37867 0
0.399 -2.376 0
0.399 -2.37333 0
0.399 -2.37067 0
0.399 -2.368 0
0.399 -2.36533 0
0.399 -2.36267 0
0.399 -2.36 0
0.399 -2.35733 0
0.399 -2.35467 0
0.399 -2.352 0
0.399 -2.34933 0
0.399 -2.34667 0
0.399 -2.344 0
0.399 -2.34133 0
0.399 -2.33867 0
0.399 -2.336 1.0344e-05
0.399 -2.33333 4.06302e-05
0.399 -2.33067 9.10365e-05
0.399 -2.328 0.00032754
0.399 -2.32533 0.000540914
0.399 -2.32267 0.000309284
0.399 -2.32 0.000363893
0.399 -2.31733 0.000420381
0.399 -2.31467 0.000209037
0.399 -2.312 6.90659e-05
0.399 -2.30933 1.53039e-05
0.399 -2.30667 3.0048e-06
0.399 -2.304 2.92047e-07
0.399 -2.30133 2.29454e-08
0.405 -2.37867 0
0.405 -2.376 0
0.405 -2.37333 0
0.405 -2.37067 0
0.405 -2.368 0
0.405 -2.36533 0
0.405 -2.36267 0
0.405 -2.36 0
0.405 -2.35733 0
0.405 -2.35467 0
0.405 -2.352 0
0.405 -2.34933 0
0.405 -2.34667 0
0.405 -2.344 0
0.405 -2.34133 0
0.405 -2.33867 6.18512e-07
0.405 -2.336 2.74206e-06
0.405 -2.33333 8.69467e-06
0.405 -2.33067 0
0.405 -2.328 0.000107357
0.405 -2.32533 0.000162481
0.405 -2.32267 0.00011941
0.405 -2.32 0.000121706
0.405 -2.31733 0.000175899
0.405 -2.31467 9.63041e-05
0.405 -2.312 3.50723e-05
0.405 -2.30933 3.74047e-06
0.405 -2.30667 2.29002e-06
0.405 -2.304 2.34034e-07
0.405 -2.30133 1.84971e-08
0.411 -2.37867 0
0.411 -2.376 0
0.411 -2.37333 0
0.411 -2.37067 0
0.411 -2.368 0
0.411 -2.36533 0
0.411 -2.36267 0
0.411 -2.36 0
0.411 -2.35733 0
0.411 -2.35467 0
0.411 -2.352 0
0.411 -2.34933 0
0.411 -2.34667 0
0.411 -2.344 0
0.411 -2.34133 0
0.411 -2.33867 0
0.411 -2.336 0
0.411 -2.33333 0
0.411 -2.33067 0
0.411 -2.328 1.97689e-05
0.411 -2.32533 3.22385e-05
0.411 -2.32267 3.7651e-05
0.411 -2.32 6.33333e-05
0.411 -2.31733 6.79764e-05
0.411 -2.31467 3.55347e-05
0.411 -2.312 1.42914e-05
0.411 -2.30933 8.59655e-06
0.411 -2.30667 1.42969e-06
0.411 -2.304 1.62222e-07
0.411 -2.30133 2.77255e-09
0.417 -2.37867 0
0.417 -2.376 0
0.417 -2.37333 0
0.417 -2.37067 0
0.417 -2.368 0
0.417 -2.36533 0
0.417 -2.36267 0
0.417 -2.36 0
0.417 -2.35733 0
0.417 -2.35467 0
0.417 -2.352 0
0.417 -2.34933 0
0.417 -2.34667 0
0.417 -2.344 0
0.417 -2.34133 0
0.417 -2.33867 0
0.417 -2.336 0
0.417 -2.33333 0
0.417 -2.33067 0
0.417 -2.328 0
0.417 -2.32533 0
0.417 -2.32267 0
0.417 -2.32 0
0.417 -2.31733 1.7419e-05
0.417 -2.31467 6.39177e-06
0.417 -2.312 1.59028e-06
0.417 -2.30933 3.87719e-06
0.417 -2.30667 7.16061e-07
0.417 -2.304 9.06282e-08
0.417 -2.30133 1.30445e-08
